CosteSocial,CosteEmocional,RiesgoIngreso,testApgar5,partoInstrumental,testCoombsIsoRHHijo,Terapia1,Utility
0,0,0,0,0,0,0,0.6561222
0,0,0,0,0,0,1,0.72735
0,0,0,0,0,0,2,0.7267885
0,0,0,0,0,0,3,0.7061542
0,0,0,0,0,1,0,0.6561222
0,0,0,0,0,1,1,0.72735
0,0,0,0,0,1,2,0.7267885
0,0,0,0,0,1,3,0.7061542
0,0,0,0,1,0,0,0.6561222
0,0,0,0,1,0,1,0.72735
0,0,0,0,1,0,2,0.7267885
0,0,0,0,1,0,3,0.7061542
0,0,0,0,1,1,0,0.6561222
0,0,0,0,1,1,1,0.72735
0,0,0,0,1,1,2,0.7267885
0,0,0,0,1,1,3,0.7061542
0,0,0,1,0,0,0,0.6561222
0,0,0,1,0,0,1,0.72735
0,0,0,1,0,0,2,0.7267885
0,0,0,1,0,0,3,0.7061542
0,0,0,1,0,1,0,0.6561222
0,0,0,1,0,1,1,0.72735
0,0,0,1,0,1,2,0.7267885
0,0,0,1,0,1,3,0.7061542
0,0,0,1,1,0,0,0.6561222
0,0,0,1,1,0,1,0.72735
0,0,0,1,1,0,2,0.7267885
0,0,0,1,1,0,3,0.7061542
0,0,0,1,1,1,0,0.6561222
0,0,0,1,1,1,1,0.72735
0,0,0,1,1,1,2,0.7267885
0,0,0,1,1,1,3,0.7061542
0,0,0,2,0,0,0,0.6561222
0,0,0,2,0,0,1,0.72735
0,0,0,2,0,0,2,0.7267885
0,0,0,2,0,0,3,0.7061542
0,0,0,2,0,1,0,0.6561222
0,0,0,2,0,1,1,0.72735
0,0,0,2,0,1,2,0.7267885
0,0,0,2,0,1,3,0.7061542
0,0,0,2,1,0,0,0.6561222
0,0,0,2,1,0,1,0.72735
0,0,0,2,1,0,2,0.7267885
0,0,0,2,1,0,3,0.7061542
0,0,0,2,1,1,0,0.6561222
0,0,0,2,1,1,1,0.72735
0,0,0,2,1,1,2,0.7267885
0,0,0,2,1,1,3,0.7061542
0,0,1,0,0,0,0,0.6608734
0,0,1,0,0,0,1,0.6360514
0,0,1,0,0,0,2,0.640482
0,0,1,0,0,0,3,0.6482588
0,0,1,0,0,1,0,0.6608734
0,0,1,0,0,1,1,0.6360514
0,0,1,0,0,1,2,0.640482
0,0,1,0,0,1,3,0.6482588
0,0,1,0,1,0,0,0.6608734
0,0,1,0,1,0,1,0.6360514
0,0,1,0,1,0,2,0.640482
0,0,1,0,1,0,3,0.6482588
0,0,1,0,1,1,0,0.6608734
0,0,1,0,1,1,1,0.6360514
0,0,1,0,1,1,2,0.640482
0,0,1,0,1,1,3,0.6482588
0,0,1,1,0,0,0,0.6608734
0,0,1,1,0,0,1,0.6360514
0,0,1,1,0,0,2,0.640482
0,0,1,1,0,0,3,0.6482588
0,0,1,1,0,1,0,0.6608734
0,0,1,1,0,1,1,0.6360514
0,0,1,1,0,1,2,0.640482
0,0,1,1,0,1,3,0.6482588
0,0,1,1,1,0,0,0.6608734
0,0,1,1,1,0,1,0.6360514
0,0,1,1,1,0,2,0.640482
0,0,1,1,1,0,3,0.6482588
0,0,1,1,1,1,0,0.6608734
0,0,1,1,1,1,1,0.6360514
0,0,1,1,1,1,2,0.640482
0,0,1,1,1,1,3,0.6482588
0,0,1,2,0,0,0,0.6608734
0,0,1,2,0,0,1,0.6360514
0,0,1,2,0,0,2,0.640482
0,0,1,2,0,0,3,0.6482588
0,0,1,2,0,1,0,0.6608734
0,0,1,2,0,1,1,0.6360514
0,0,1,2,0,1,2,0.640482
0,0,1,2,0,1,3,0.6482588
0,0,1,2,1,0,0,0.6608734
0,0,1,2,1,0,1,0.6360514
0,0,1,2,1,0,2,0.640482
0,0,1,2,1,0,3,0.6482588
0,0,1,2,1,1,0,0.6608734
0,0,1,2,1,1,1,0.6360514
0,0,1,2,1,1,2,0.640482
0,0,1,2,1,1,3,0.6482588
0,0,2,0,0,0,0,0.5998982
0,0,2,0,0,0,1,0.4712156
0,0,2,0,0,0,2,0.6175699
0,0,2,0,0,0,3,0.6127469
0,0,2,0,0,1,0,0.5998982
0,0,2,0,0,1,1,0.4712156
0,0,2,0,0,1,2,0.6175699
0,0,2,0,0,1,3,0.6127469
0,0,2,0,1,0,0,0.5998982
0,0,2,0,1,0,1,0.4712156
0,0,2,0,1,0,2,0.6175699
0,0,2,0,1,0,3,0.6127469
0,0,2,0,1,1,0,0.5998982
0,0,2,0,1,1,1,0.4712156
0,0,2,0,1,1,2,0.6175699
0,0,2,0,1,1,3,0.6127469
0,0,2,1,0,0,0,0.5998982
0,0,2,1,0,0,1,0.4712156
0,0,2,1,0,0,2,0.6175699
0,0,2,1,0,0,3,0.6127469
0,0,2,1,0,1,0,0.5998982
0,0,2,1,0,1,1,0.4712156
0,0,2,1,0,1,2,0.6175699
0,0,2,1,0,1,3,0.6127469
0,0,2,1,1,0,0,0.5998982
0,0,2,1,1,0,1,0.4712156
0,0,2,1,1,0,2,0.6175699
0,0,2,1,1,0,3,0.6127469
0,0,2,1,1,1,0,0.5998982
0,0,2,1,1,1,1,0.4712156
0,0,2,1,1,1,2,0.6175699
0,0,2,1,1,1,3,0.6127469
0,0,2,2,0,0,0,0.5998982
0,0,2,2,0,0,1,0.4712156
0,0,2,2,0,0,2,0.6175699
0,0,2,2,0,0,3,0.6127469
0,0,2,2,0,1,0,0.5998982
0,0,2,2,0,1,1,0.4712156
0,0,2,2,0,1,2,0.6175699
0,0,2,2,0,1,3,0.6127469
0,0,2,2,1,0,0,0.5998982
0,0,2,2,1,0,1,0.4712156
0,0,2,2,1,0,2,0.6175699
0,0,2,2,1,0,3,0.6127469
0,0,2,2,1,1,0,0.5998982
0,0,2,2,1,1,1,0.4712156
0,0,2,2,1,1,2,0.6175699
0,0,2,2,1,1,3,0.6127469
0,0,3,0,0,0,0,0.6314699
0,0,3,0,0,0,1,0.7230358
0,0,3,0,0,0,2,0.7232939
0,0,3,0,0,0,3,0.7181011
0,0,3,0,0,1,0,0.6314699
0,0,3,0,0,1,1,0.7230358
0,0,3,0,0,1,2,0.7232939
0,0,3,0,0,1,3,0.7181011
0,0,3,0,1,0,0,0.6314699
0,0,3,0,1,0,1,0.7230358
0,0,3,0,1,0,2,0.7232939
0,0,3,0,1,0,3,0.7181011
0,0,3,0,1,1,0,0.6314699
0,0,3,0,1,1,1,0.7230358
0,0,3,0,1,1,2,0.7232939
0,0,3,0,1,1,3,0.7181011
0,0,3,1,0,0,0,0.6314699
0,0,3,1,0,0,1,0.7230358
0,0,3,1,0,0,2,0.7232939
0,0,3,1,0,0,3,0.7181011
0,0,3,1,0,1,0,0.6314699
0,0,3,1,0,1,1,0.7230358
0,0,3,1,0,1,2,0.7232939
0,0,3,1,0,1,3,0.7181011
0,0,3,1,1,0,0,0.6314699
0,0,3,1,1,0,1,0.7230358
0,0,3,1,1,0,2,0.7232939
0,0,3,1,1,0,3,0.7181011
0,0,3,1,1,1,0,0.6314699
0,0,3,1,1,1,1,0.7230358
0,0,3,1,1,1,2,0.7232939
0,0,3,1,1,1,3,0.7181011
0,0,3,2,0,0,0,0.6314699
0,0,3,2,0,0,1,0.7230358
0,0,3,2,0,0,2,0.7232939
0,0,3,2,0,0,3,0.7181011
0,0,3,2,0,1,0,0.6314699
0,0,3,2,0,1,1,0.7230358
0,0,3,2,0,1,2,0.7232939
0,0,3,2,0,1,3,0.7181011
0,0,3,2,1,0,0,0.6314699
0,0,3,2,1,0,1,0.7230358
0,0,3,2,1,0,2,0.7232939
0,0,3,2,1,0,3,0.7181011
0,0,3,2,1,1,0,0.6314699
0,0,3,2,1,1,1,0.7230358
0,0,3,2,1,1,2,0.7232939
0,0,3,2,1,1,3,0.7181011
0,1,0,0,0,0,0,0.7446761
0,1,0,0,0,0,1,0.7456413
0,1,0,0,0,0,2,0.724971
0,1,0,0,0,0,3,0.7170873
0,1,0,0,0,1,0,0.7446761
0,1,0,0,0,1,1,0.7456413
0,1,0,0,0,1,2,0.724971
0,1,0,0,0,1,3,0.7170873
0,1,0,0,1,0,0,0.7446761
0,1,0,0,1,0,1,0.7456413
0,1,0,0,1,0,2,0.724971
0,1,0,0,1,0,3,0.7170873
0,1,0,0,1,1,0,0.7446761
0,1,0,0,1,1,1,0.7456413
0,1,0,0,1,1,2,0.724971
0,1,0,0,1,1,3,0.7170873
0,1,0,1,0,0,0,0.7446761
0,1,0,1,0,0,1,0.7456413
0,1,0,1,0,0,2,0.724971
0,1,0,1,0,0,3,0.7170873
0,1,0,1,0,1,0,0.7446761
0,1,0,1,0,1,1,0.7456413
0,1,0,1,0,1,2,0.724971
0,1,0,1,0,1,3,0.7170873
0,1,0,1,1,0,0,0.7446761
0,1,0,1,1,0,1,0.7456413
0,1,0,1,1,0,2,0.724971
0,1,0,1,1,0,3,0.7170873
0,1,0,1,1,1,0,0.7446761
0,1,0,1,1,1,1,0.7456413
0,1,0,1,1,1,2,0.724971
0,1,0,1,1,1,3,0.7170873
0,1,0,2,0,0,0,0.7446761
0,1,0,2,0,0,1,0.7456413
0,1,0,2,0,0,2,0.724971
0,1,0,2,0,0,3,0.7170873
0,1,0,2,0,1,0,0.7446761
0,1,0,2,0,1,1,0.7456413
0,1,0,2,0,1,2,0.724971
0,1,0,2,0,1,3,0.7170873
0,1,0,2,1,0,0,0.7446761
0,1,0,2,1,0,1,0.7456413
0,1,0,2,1,0,2,0.724971
0,1,0,2,1,0,3,0.7170873
0,1,0,2,1,1,0,0.7446761
0,1,0,2,1,1,1,0.7456413
0,1,0,2,1,1,2,0.724971
0,1,0,2,1,1,3,0.7170873
0,1,1,0,0,0,0,0.6963608
0,1,1,0,0,0,1,0.7425733
0,1,1,0,0,0,2,0.7667437
0,1,1,0,0,0,3,0.7757588
0,1,1,0,0,1,0,0.6963608
0,1,1,0,0,1,1,0.7425733
0,1,1,0,0,1,2,0.7667437
0,1,1,0,0,1,3,0.7757588
0,1,1,0,1,0,0,0.6963608
0,1,1,0,1,0,1,0.7425733
0,1,1,0,1,0,2,0.7667437
0,1,1,0,1,0,3,0.7757588
0,1,1,0,1,1,0,0.6963608
0,1,1,0,1,1,1,0.7425733
0,1,1,0,1,1,2,0.7667437
0,1,1,0,1,1,3,0.7757588
0,1,1,1,0,0,0,0.6963608
0,1,1,1,0,0,1,0.7425733
0,1,1,1,0,0,2,0.7667437
0,1,1,1,0,0,3,0.7757588
0,1,1,1,0,1,0,0.6963608
0,1,1,1,0,1,1,0.7425733
0,1,1,1,0,1,2,0.7667437
0,1,1,1,0,1,3,0.7757588
0,1,1,1,1,0,0,0.6963608
0,1,1,1,1,0,1,0.7425733
0,1,1,1,1,0,2,0.7667437
0,1,1,1,1,0,3,0.7757588
0,1,1,1,1,1,0,0.6963608
0,1,1,1,1,1,1,0.7425733
0,1,1,1,1,1,2,0.7667437
0,1,1,1,1,1,3,0.7757588
0,1,1,2,0,0,0,0.6963608
0,1,1,2,0,0,1,0.7425733
0,1,1,2,0,0,2,0.7667437
0,1,1,2,0,0,3,0.7757588
0,1,1,2,0,1,0,0.6963608
0,1,1,2,0,1,1,0.7425733
0,1,1,2,0,1,2,0.7667437
0,1,1,2,0,1,3,0.7757588
0,1,1,2,1,0,0,0.6963608
0,1,1,2,1,0,1,0.7425733
0,1,1,2,1,0,2,0.7667437
0,1,1,2,1,0,3,0.7757588
0,1,1,2,1,1,0,0.6963608
0,1,1,2,1,1,1,0.7425733
0,1,1,2,1,1,2,0.7667437
0,1,1,2,1,1,3,0.7757588
0,1,2,0,0,0,0,0.7317203
0,1,2,0,0,0,1,0.7941662
0,1,2,0,0,0,2,0.7502234
0,1,2,0,0,0,3,0.7474603
0,1,2,0,0,1,0,0.7317203
0,1,2,0,0,1,1,0.7941662
0,1,2,0,0,1,2,0.7502234
0,1,2,0,0,1,3,0.7474603
0,1,2,0,1,0,0,0.7317203
0,1,2,0,1,0,1,0.7941662
0,1,2,0,1,0,2,0.7502234
0,1,2,0,1,0,3,0.7474603
0,1,2,0,1,1,0,0.7317203
0,1,2,0,1,1,1,0.7941662
0,1,2,0,1,1,2,0.7502234
0,1,2,0,1,1,3,0.7474603
0,1,2,1,0,0,0,0.7317203
0,1,2,1,0,0,1,0.7941662
0,1,2,1,0,0,2,0.7502234
0,1,2,1,0,0,3,0.7474603
0,1,2,1,0,1,0,0.7317203
0,1,2,1,0,1,1,0.7941662
0,1,2,1,0,1,2,0.7502234
0,1,2,1,0,1,3,0.7474603
0,1,2,1,1,0,0,0.7317203
0,1,2,1,1,0,1,0.7941662
0,1,2,1,1,0,2,0.7502234
0,1,2,1,1,0,3,0.7474603
0,1,2,1,1,1,0,0.7317203
0,1,2,1,1,1,1,0.7941662
0,1,2,1,1,1,2,0.7502234
0,1,2,1,1,1,3,0.7474603
0,1,2,2,0,0,0,0.7317203
0,1,2,2,0,0,1,0.7941662
0,1,2,2,0,0,2,0.7502234
0,1,2,2,0,0,3,0.7474603
0,1,2,2,0,1,0,0.7317203
0,1,2,2,0,1,1,0.7941662
0,1,2,2,0,1,2,0.7502234
0,1,2,2,0,1,3,0.7474603
0,1,2,2,1,0,0,0.7317203
0,1,2,2,1,0,1,0.7941662
0,1,2,2,1,0,2,0.7502234
0,1,2,2,1,0,3,0.7474603
0,1,2,2,1,1,0,0.7317203
0,1,2,2,1,1,1,0.7941662
0,1,2,2,1,1,2,0.7502234
0,1,2,2,1,1,3,0.7474603
0,1,3,0,0,0,0,0.5674389
0,1,3,0,0,0,1,0.6528112
0,1,3,0,0,0,2,0.4980233
0,1,3,0,0,0,3,0.4953297
0,1,3,0,0,1,0,0.5674389
0,1,3,0,0,1,1,0.6528112
0,1,3,0,0,1,2,0.4980233
0,1,3,0,0,1,3,0.4953297
0,1,3,0,1,0,0,0.5674389
0,1,3,0,1,0,1,0.6528112
0,1,3,0,1,0,2,0.4980233
0,1,3,0,1,0,3,0.4953297
0,1,3,0,1,1,0,0.5674389
0,1,3,0,1,1,1,0.6528112
0,1,3,0,1,1,2,0.4980233
0,1,3,0,1,1,3,0.4953297
0,1,3,1,0,0,0,0.5674389
0,1,3,1,0,0,1,0.6528112
0,1,3,1,0,0,2,0.4980233
0,1,3,1,0,0,3,0.4953297
0,1,3,1,0,1,0,0.5674389
0,1,3,1,0,1,1,0.6528112
0,1,3,1,0,1,2,0.4980233
0,1,3,1,0,1,3,0.4953297
0,1,3,1,1,0,0,0.5674389
0,1,3,1,1,0,1,0.6528112
0,1,3,1,1,0,2,0.4980233
0,1,3,1,1,0,3,0.4953297
0,1,3,1,1,1,0,0.5674389
0,1,3,1,1,1,1,0.6528112
0,1,3,1,1,1,2,0.4980233
0,1,3,1,1,1,3,0.4953297
0,1,3,2,0,0,0,0.5674389
0,1,3,2,0,0,1,0.6528112
0,1,3,2,0,0,2,0.4980233
0,1,3,2,0,0,3,0.4953297
0,1,3,2,0,1,0,0.5674389
0,1,3,2,0,1,1,0.6528112
0,1,3,2,0,1,2,0.4980233
0,1,3,2,0,1,3,0.4953297
0,1,3,2,1,0,0,0.5674389
0,1,3,2,1,0,1,0.6528112
0,1,3,2,1,0,2,0.4980233
0,1,3,2,1,0,3,0.4953297
0,1,3,2,1,1,0,0.5674389
0,1,3,2,1,1,1,0.6528112
0,1,3,2,1,1,2,0.4980233
0,1,3,2,1,1,3,0.4953297
0,2,0,0,0,0,0,0.6000101
0,2,0,0,0,0,1,0.5973697
0,2,0,0,0,0,2,0.5811531
0,2,0,0,0,0,3,0.5709147
0,2,0,0,0,1,0,0.6000101
0,2,0,0,0,1,1,0.5973697
0,2,0,0,0,1,2,0.5811531
0,2,0,0,0,1,3,0.5709147
0,2,0,0,1,0,0,0.6000101
0,2,0,0,1,0,1,0.5973697
0,2,0,0,1,0,2,0.5811531
0,2,0,0,1,0,3,0.5709147
0,2,0,0,1,1,0,0.6000101
0,2,0,0,1,1,1,0.5973697
0,2,0,0,1,1,2,0.5811531
0,2,0,0,1,1,3,0.5709147
0,2,0,1,0,0,0,0.6000101
0,2,0,1,0,0,1,0.5973697
0,2,0,1,0,0,2,0.5811531
0,2,0,1,0,0,3,0.5709147
0,2,0,1,0,1,0,0.6000101
0,2,0,1,0,1,1,0.5973697
0,2,0,1,0,1,2,0.5811531
0,2,0,1,0,1,3,0.5709147
0,2,0,1,1,0,0,0.6000101
0,2,0,1,1,0,1,0.5973697
0,2,0,1,1,0,2,0.5811531
0,2,0,1,1,0,3,0.5709147
0,2,0,1,1,1,0,0.6000101
0,2,0,1,1,1,1,0.5973697
0,2,0,1,1,1,2,0.5811531
0,2,0,1,1,1,3,0.5709147
0,2,0,2,0,0,0,0.6000101
0,2,0,2,0,0,1,0.5973697
0,2,0,2,0,0,2,0.5811531
0,2,0,2,0,0,3,0.5709147
0,2,0,2,0,1,0,0.6000101
0,2,0,2,0,1,1,0.5973697
0,2,0,2,0,1,2,0.5811531
0,2,0,2,0,1,3,0.5709147
0,2,0,2,1,0,0,0.6000101
0,2,0,2,1,0,1,0.5973697
0,2,0,2,1,0,2,0.5811531
0,2,0,2,1,0,3,0.5709147
0,2,0,2,1,1,0,0.6000101
0,2,0,2,1,1,1,0.5973697
0,2,0,2,1,1,2,0.5811531
0,2,0,2,1,1,3,0.5709147
0,2,1,0,0,0,0,0.6415593
0,2,1,0,0,0,1,0.6498085
0,2,1,0,0,0,2,0.6369966
0,2,1,0,0,0,3,0.6292361
0,2,1,0,0,1,0,0.6415593
0,2,1,0,0,1,1,0.6498085
0,2,1,0,0,1,2,0.6369966
0,2,1,0,0,1,3,0.6292361
0,2,1,0,1,0,0,0.6415593
0,2,1,0,1,0,1,0.6498085
0,2,1,0,1,0,2,0.6369966
0,2,1,0,1,0,3,0.6292361
0,2,1,0,1,1,0,0.6415593
0,2,1,0,1,1,1,0.6498085
0,2,1,0,1,1,2,0.6369966
0,2,1,0,1,1,3,0.6292361
0,2,1,1,0,0,0,0.6415593
0,2,1,1,0,0,1,0.6498085
0,2,1,1,0,0,2,0.6369966
0,2,1,1,0,0,3,0.6292361
0,2,1,1,0,1,0,0.6415593
0,2,1,1,0,1,1,0.6498085
0,2,1,1,0,1,2,0.6369966
0,2,1,1,0,1,3,0.6292361
0,2,1,1,1,0,0,0.6415593
0,2,1,1,1,0,1,0.6498085
0,2,1,1,1,0,2,0.6369966
0,2,1,1,1,0,3,0.6292361
0,2,1,1,1,1,0,0.6415593
0,2,1,1,1,1,1,0.6498085
0,2,1,1,1,1,2,0.6369966
0,2,1,1,1,1,3,0.6292361
0,2,1,2,0,0,0,0.6415593
0,2,1,2,0,0,1,0.6498085
0,2,1,2,0,0,2,0.6369966
0,2,1,2,0,0,3,0.6292361
0,2,1,2,0,1,0,0.6415593
0,2,1,2,0,1,1,0.6498085
0,2,1,2,0,1,2,0.6369966
0,2,1,2,0,1,3,0.6292361
0,2,1,2,1,0,0,0.6415593
0,2,1,2,1,0,1,0.6498085
0,2,1,2,1,0,2,0.6369966
0,2,1,2,1,0,3,0.6292361
0,2,1,2,1,1,0,0.6415593
0,2,1,2,1,1,1,0.6498085
0,2,1,2,1,1,2,0.6369966
0,2,1,2,1,1,3,0.6292361
0,2,2,0,0,0,0,0.7942265
0,2,2,0,0,0,1,0.7232236
0,2,2,0,0,0,2,0.730359
0,2,2,0,0,0,3,0.7237414
0,2,2,0,0,1,0,0.7942265
0,2,2,0,0,1,1,0.7232236
0,2,2,0,0,1,2,0.730359
0,2,2,0,0,1,3,0.7237414
0,2,2,0,1,0,0,0.7942265
0,2,2,0,1,0,1,0.7232236
0,2,2,0,1,0,2,0.730359
0,2,2,0,1,0,3,0.7237414
0,2,2,0,1,1,0,0.7942265
0,2,2,0,1,1,1,0.7232236
0,2,2,0,1,1,2,0.730359
0,2,2,0,1,1,3,0.7237414
0,2,2,1,0,0,0,0.7942265
0,2,2,1,0,0,1,0.7232236
0,2,2,1,0,0,2,0.730359
0,2,2,1,0,0,3,0.7237414
0,2,2,1,0,1,0,0.7942265
0,2,2,1,0,1,1,0.7232236
0,2,2,1,0,1,2,0.730359
0,2,2,1,0,1,3,0.7237414
0,2,2,1,1,0,0,0.7942265
0,2,2,1,1,0,1,0.7232236
0,2,2,1,1,0,2,0.730359
0,2,2,1,1,0,3,0.7237414
0,2,2,1,1,1,0,0.7942265
0,2,2,1,1,1,1,0.7232236
0,2,2,1,1,1,2,0.730359
0,2,2,1,1,1,3,0.7237414
0,2,2,2,0,0,0,0.7942265
0,2,2,2,0,0,1,0.7232236
0,2,2,2,0,0,2,0.730359
0,2,2,2,0,0,3,0.7237414
0,2,2,2,0,1,0,0.7942265
0,2,2,2,0,1,1,0.7232236
0,2,2,2,0,1,2,0.730359
0,2,2,2,0,1,3,0.7237414
0,2,2,2,1,0,0,0.7942265
0,2,2,2,1,0,1,0.7232236
0,2,2,2,1,0,2,0.730359
0,2,2,2,1,0,3,0.7237414
0,2,2,2,1,1,0,0.7942265
0,2,2,2,1,1,1,0.7232236
0,2,2,2,1,1,2,0.730359
0,2,2,2,1,1,3,0.7237414
0,2,3,0,0,0,0,0.6413592
0,2,3,0,0,0,1,0.7369295
0,2,3,0,0,0,2,0.7691905
0,2,3,0,0,0,3,0.7328986
0,2,3,0,0,1,0,0.6413592
0,2,3,0,0,1,1,0.7369295
0,2,3,0,0,1,2,0.7691905
0,2,3,0,0,1,3,0.7328986
0,2,3,0,1,0,0,0.6413592
0,2,3,0,1,0,1,0.7369295
0,2,3,0,1,0,2,0.7691905
0,2,3,0,1,0,3,0.7328986
0,2,3,0,1,1,0,0.6413592
0,2,3,0,1,1,1,0.7369295
0,2,3,0,1,1,2,0.7691905
0,2,3,0,1,1,3,0.7328986
0,2,3,1,0,0,0,0.6413592
0,2,3,1,0,0,1,0.7369295
0,2,3,1,0,0,2,0.7691905
0,2,3,1,0,0,3,0.7328986
0,2,3,1,0,1,0,0.6413592
0,2,3,1,0,1,1,0.7369295
0,2,3,1,0,1,2,0.7691905
0,2,3,1,0,1,3,0.7328986
0,2,3,1,1,0,0,0.6413592
0,2,3,1,1,0,1,0.7369295
0,2,3,1,1,0,2,0.7691905
0,2,3,1,1,0,3,0.7328986
0,2,3,1,1,1,0,0.6413592
0,2,3,1,1,1,1,0.7369295
0,2,3,1,1,1,2,0.7691905
0,2,3,1,1,1,3,0.7328986
0,2,3,2,0,0,0,0.6413592
0,2,3,2,0,0,1,0.7369295
0,2,3,2,0,0,2,0.7691905
0,2,3,2,0,0,3,0.7328986
0,2,3,2,0,1,0,0.6413592
0,2,3,2,0,1,1,0.7369295
0,2,3,2,0,1,2,0.7691905
0,2,3,2,0,1,3,0.7328986
0,2,3,2,1,0,0,0.6413592
0,2,3,2,1,0,1,0.7369295
0,2,3,2,1,0,2,0.7691905
0,2,3,2,1,0,3,0.7328986
0,2,3,2,1,1,0,0.6413592
0,2,3,2,1,1,1,0.7369295
0,2,3,2,1,1,2,0.7691905
0,2,3,2,1,1,3,0.7328986
1,0,0,0,0,0,0,0.5659193
1,0,0,0,0,0,1,0.8141525
1,0,0,0,0,0,2,0.6097908
1,0,0,0,0,0,3,0.5941418
1,0,0,0,0,1,0,0.5659193
1,0,0,0,0,1,1,0.8141525
1,0,0,0,0,1,2,0.6097908
1,0,0,0,0,1,3,0.5941418
1,0,0,0,1,0,0,0.5659193
1,0,0,0,1,0,1,0.8141525
1,0,0,0,1,0,2,0.6097908
1,0,0,0,1,0,3,0.5941418
1,0,0,0,1,1,0,0.5659193
1,0,0,0,1,1,1,0.8141525
1,0,0,0,1,1,2,0.6097908
1,0,0,0,1,1,3,0.5941418
1,0,0,1,0,0,0,0.5659193
1,0,0,1,0,0,1,0.8141525
1,0,0,1,0,0,2,0.6097908
1,0,0,1,0,0,3,0.5941418
1,0,0,1,0,1,0,0.5659193
1,0,0,1,0,1,1,0.8141525
1,0,0,1,0,1,2,0.6097908
1,0,0,1,0,1,3,0.5941418
1,0,0,1,1,0,0,0.5659193
1,0,0,1,1,0,1,0.8141525
1,0,0,1,1,0,2,0.6097908
1,0,0,1,1,0,3,0.5941418
1,0,0,1,1,1,0,0.5659193
1,0,0,1,1,1,1,0.8141525
1,0,0,1,1,1,2,0.6097908
1,0,0,1,1,1,3,0.5941418
1,0,0,2,0,0,0,0.5659193
1,0,0,2,0,0,1,0.8141525
1,0,0,2,0,0,2,0.6097908
1,0,0,2,0,0,3,0.5941418
1,0,0,2,0,1,0,0.5659193
1,0,0,2,0,1,1,0.8141525
1,0,0,2,0,1,2,0.6097908
1,0,0,2,0,1,3,0.5941418
1,0,0,2,1,0,0,0.5659193
1,0,0,2,1,0,1,0.8141525
1,0,0,2,1,0,2,0.6097908
1,0,0,2,1,0,3,0.5941418
1,0,0,2,1,1,0,0.5659193
1,0,0,2,1,1,1,0.8141525
1,0,0,2,1,1,2,0.6097908
1,0,0,2,1,1,3,0.5941418
1,0,1,0,0,0,0,0.803842
1,0,1,0,0,0,1,0.6484399
1,0,1,0,0,0,2,0.7769753
1,0,1,0,0,0,3,0.7796932
1,0,1,0,0,1,0,0.803842
1,0,1,0,0,1,1,0.6484399
1,0,1,0,0,1,2,0.7769753
1,0,1,0,0,1,3,0.7796932
1,0,1,0,1,0,0,0.803842
1,0,1,0,1,0,1,0.6484399
1,0,1,0,1,0,2,0.7769753
1,0,1,0,1,0,3,0.7796932
1,0,1,0,1,1,0,0.803842
1,0,1,0,1,1,1,0.6484399
1,0,1,0,1,1,2,0.7769753
1,0,1,0,1,1,3,0.7796932
1,0,1,1,0,0,0,0.803842
1,0,1,1,0,0,1,0.6484399
1,0,1,1,0,0,2,0.7769753
1,0,1,1,0,0,3,0.7796932
1,0,1,1,0,1,0,0.803842
1,0,1,1,0,1,1,0.6484399
1,0,1,1,0,1,2,0.7769753
1,0,1,1,0,1,3,0.7796932
1,0,1,1,1,0,0,0.803842
1,0,1,1,1,0,1,0.6484399
1,0,1,1,1,0,2,0.7769753
1,0,1,1,1,0,3,0.7796932
1,0,1,1,1,1,0,0.803842
1,0,1,1,1,1,1,0.6484399
1,0,1,1,1,1,2,0.7769753
1,0,1,1,1,1,3,0.7796932
1,0,1,2,0,0,0,0.803842
1,0,1,2,0,0,1,0.6484399
1,0,1,2,0,0,2,0.7769753
1,0,1,2,0,0,3,0.7796932
1,0,1,2,0,1,0,0.803842
1,0,1,2,0,1,1,0.6484399
1,0,1,2,0,1,2,0.7769753
1,0,1,2,0,1,3,0.7796932
1,0,1,2,1,0,0,0.803842
1,0,1,2,1,0,1,0.6484399
1,0,1,2,1,0,2,0.7769753
1,0,1,2,1,0,3,0.7796932
1,0,1,2,1,1,0,0.803842
1,0,1,2,1,1,1,0.6484399
1,0,1,2,1,1,2,0.7769753
1,0,1,2,1,1,3,0.7796932
1,0,2,0,0,0,0,0.6251073
1,0,2,0,0,0,1,0.7893861
1,0,2,0,0,0,2,0.792801
1,0,2,0,0,0,3,0.7580728
1,0,2,0,0,1,0,0.6251073
1,0,2,0,0,1,1,0.7893861
1,0,2,0,0,1,2,0.792801
1,0,2,0,0,1,3,0.7580728
1,0,2,0,1,0,0,0.6251073
1,0,2,0,1,0,1,0.7893861
1,0,2,0,1,0,2,0.792801
1,0,2,0,1,0,3,0.7580728
1,0,2,0,1,1,0,0.6251073
1,0,2,0,1,1,1,0.7893861
1,0,2,0,1,1,2,0.792801
1,0,2,0,1,1,3,0.7580728
1,0,2,1,0,0,0,0.6251073
1,0,2,1,0,0,1,0.7893861
1,0,2,1,0,0,2,0.792801
1,0,2,1,0,0,3,0.7580728
1,0,2,1,0,1,0,0.6251073
1,0,2,1,0,1,1,0.7893861
1,0,2,1,0,1,2,0.792801
1,0,2,1,0,1,3,0.7580728
1,0,2,1,1,0,0,0.6251073
1,0,2,1,1,0,1,0.7893861
1,0,2,1,1,0,2,0.792801
1,0,2,1,1,0,3,0.7580728
1,0,2,1,1,1,0,0.6251073
1,0,2,1,1,1,1,0.7893861
1,0,2,1,1,1,2,0.792801
1,0,2,1,1,1,3,0.7580728
1,0,2,2,0,0,0,0.6251073
1,0,2,2,0,0,1,0.7893861
1,0,2,2,0,0,2,0.792801
1,0,2,2,0,0,3,0.7580728
1,0,2,2,0,1,0,0.6251073
1,0,2,2,0,1,1,0.7893861
1,0,2,2,0,1,2,0.792801
1,0,2,2,0,1,3,0.7580728
1,0,2,2,1,0,0,0.6251073
1,0,2,2,1,0,1,0.7893861
1,0,2,2,1,0,2,0.792801
1,0,2,2,1,0,3,0.7580728
1,0,2,2,1,1,0,0.6251073
1,0,2,2,1,1,1,0.7893861
1,0,2,2,1,1,2,0.792801
1,0,2,2,1,1,3,0.7580728
1,0,3,0,0,0,0,0.4882819
1,0,3,0,0,0,1,0.7883883
1,0,3,0,0,0,2,0.7183507
1,0,3,0,0,0,3,0.7121506
1,0,3,0,0,1,0,0.4882819
1,0,3,0,0,1,1,0.7883883
1,0,3,0,0,1,2,0.7183507
1,0,3,0,0,1,3,0.7121506
1,0,3,0,1,0,0,0.4882819
1,0,3,0,1,0,1,0.7883883
1,0,3,0,1,0,2,0.7183507
1,0,3,0,1,0,3,0.7121506
1,0,3,0,1,1,0,0.4882819
1,0,3,0,1,1,1,0.7883883
1,0,3,0,1,1,2,0.7183507
1,0,3,0,1,1,3,0.7121506
1,0,3,1,0,0,0,0.4882819
1,0,3,1,0,0,1,0.7883883
1,0,3,1,0,0,2,0.7183507
1,0,3,1,0,0,3,0.7121506
1,0,3,1,0,1,0,0.4882819
1,0,3,1,0,1,1,0.7883883
1,0,3,1,0,1,2,0.7183507
1,0,3,1,0,1,3,0.7121506
1,0,3,1,1,0,0,0.4882819
1,0,3,1,1,0,1,0.7883883
1,0,3,1,1,0,2,0.7183507
1,0,3,1,1,0,3,0.7121506
1,0,3,1,1,1,0,0.4882819
1,0,3,1,1,1,1,0.7883883
1,0,3,1,1,1,2,0.7183507
1,0,3,1,1,1,3,0.7121506
1,0,3,2,0,0,0,0.4882819
1,0,3,2,0,0,1,0.7883883
1,0,3,2,0,0,2,0.7183507
1,0,3,2,0,0,3,0.7121506
1,0,3,2,0,1,0,0.4882819
1,0,3,2,0,1,1,0.7883883
1,0,3,2,0,1,2,0.7183507
1,0,3,2,0,1,3,0.7121506
1,0,3,2,1,0,0,0.4882819
1,0,3,2,1,0,1,0.7883883
1,0,3,2,1,0,2,0.7183507
1,0,3,2,1,0,3,0.7121506
1,0,3,2,1,1,0,0.4882819
1,0,3,2,1,1,1,0.7883883
1,0,3,2,1,1,2,0.7183507
1,0,3,2,1,1,3,0.7121506
1,1,0,0,0,0,0,0.5311832
1,1,0,0,0,0,1,0.6292759
1,1,0,0,0,0,2,0.6536476
1,1,0,0,0,0,3,0.6419922
1,1,0,0,0,1,0,0.5311832
1,1,0,0,0,1,1,0.6292759
1,1,0,0,0,1,2,0.6536476
1,1,0,0,0,1,3,0.6419922
1,1,0,0,1,0,0,0.5311832
1,1,0,0,1,0,1,0.6292759
1,1,0,0,1,0,2,0.6536476
1,1,0,0,1,0,3,0.6419922
1,1,0,0,1,1,0,0.5311832
1,1,0,0,1,1,1,0.6292759
1,1,0,0,1,1,2,0.6536476
1,1,0,0,1,1,3,0.6419922
1,1,0,1,0,0,0,0.5311832
1,1,0,1,0,0,1,0.6292759
1,1,0,1,0,0,2,0.6536476
1,1,0,1,0,0,3,0.6419922
1,1,0,1,0,1,0,0.5311832
1,1,0,1,0,1,1,0.6292759
1,1,0,1,0,1,2,0.6536476
1,1,0,1,0,1,3,0.6419922
1,1,0,1,1,0,0,0.5311832
1,1,0,1,1,0,1,0.6292759
1,1,0,1,1,0,2,0.6536476
1,1,0,1,1,0,3,0.6419922
1,1,0,1,1,1,0,0.5311832
1,1,0,1,1,1,1,0.6292759
1,1,0,1,1,1,2,0.6536476
1,1,0,1,1,1,3,0.6419922
1,1,0,2,0,0,0,0.5311832
1,1,0,2,0,0,1,0.6292759
1,1,0,2,0,0,2,0.6536476
1,1,0,2,0,0,3,0.6419922
1,1,0,2,0,1,0,0.5311832
1,1,0,2,0,1,1,0.6292759
1,1,0,2,0,1,2,0.6536476
1,1,0,2,0,1,3,0.6419922
1,1,0,2,1,0,0,0.5311832
1,1,0,2,1,0,1,0.6292759
1,1,0,2,1,0,2,0.6536476
1,1,0,2,1,0,3,0.6419922
1,1,0,2,1,1,0,0.5311832
1,1,0,2,1,1,1,0.6292759
1,1,0,2,1,1,2,0.6536476
1,1,0,2,1,1,3,0.6419922
1,1,1,0,0,0,0,0.6023576
1,1,1,0,0,0,1,0.5281053
1,1,1,0,0,0,2,0.475756
1,1,1,0,0,0,3,0.4844193
1,1,1,0,0,1,0,0.6023576
1,1,1,0,0,1,1,0.5281053
1,1,1,0,0,1,2,0.475756
1,1,1,0,0,1,3,0.4844193
1,1,1,0,1,0,0,0.6023576
1,1,1,0,1,0,1,0.5281053
1,1,1,0,1,0,2,0.475756
1,1,1,0,1,0,3,0.4844193
1,1,1,0,1,1,0,0.6023576
1,1,1,0,1,1,1,0.5281053
1,1,1,0,1,1,2,0.475756
1,1,1,0,1,1,3,0.4844193
1,1,1,1,0,0,0,0.6023576
1,1,1,1,0,0,1,0.5281053
1,1,1,1,0,0,2,0.475756
1,1,1,1,0,0,3,0.4844193
1,1,1,1,0,1,0,0.6023576
1,1,1,1,0,1,1,0.5281053
1,1,1,1,0,1,2,0.475756
1,1,1,1,0,1,3,0.4844193
1,1,1,1,1,0,0,0.6023576
1,1,1,1,1,0,1,0.5281053
1,1,1,1,1,0,2,0.475756
1,1,1,1,1,0,3,0.4844193
1,1,1,1,1,1,0,0.6023576
1,1,1,1,1,1,1,0.5281053
1,1,1,1,1,1,2,0.475756
1,1,1,1,1,1,3,0.4844193
1,1,1,2,0,0,0,0.6023576
1,1,1,2,0,0,1,0.5281053
1,1,1,2,0,0,2,0.475756
1,1,1,2,0,0,3,0.4844193
1,1,1,2,0,1,0,0.6023576
1,1,1,2,0,1,1,0.5281053
1,1,1,2,0,1,2,0.475756
1,1,1,2,0,1,3,0.4844193
1,1,1,2,1,0,0,0.6023576
1,1,1,2,1,0,1,0.5281053
1,1,1,2,1,0,2,0.475756
1,1,1,2,1,0,3,0.4844193
1,1,1,2,1,1,0,0.6023576
1,1,1,2,1,1,1,0.5281053
1,1,1,2,1,1,2,0.475756
1,1,1,2,1,1,3,0.4844193
1,1,2,0,0,0,0,0.5180718
1,1,2,0,0,0,1,0.5624188
1,1,2,0,0,0,2,0.606381
1,1,2,0,0,0,3,0.6120786
1,1,2,0,0,1,0,0.5180718
1,1,2,0,0,1,1,0.5624188
1,1,2,0,0,1,2,0.606381
1,1,2,0,0,1,3,0.6120786
1,1,2,0,1,0,0,0.5180718
1,1,2,0,1,0,1,0.5624188
1,1,2,0,1,0,2,0.606381
1,1,2,0,1,0,3,0.6120786
1,1,2,0,1,1,0,0.5180718
1,1,2,0,1,1,1,0.5624188
1,1,2,0,1,1,2,0.606381
1,1,2,0,1,1,3,0.6120786
1,1,2,1,0,0,0,0.5180718
1,1,2,1,0,0,1,0.5624188
1,1,2,1,0,0,2,0.606381
1,1,2,1,0,0,3,0.6120786
1,1,2,1,0,1,0,0.5180718
1,1,2,1,0,1,1,0.5624188
1,1,2,1,0,1,2,0.606381
1,1,2,1,0,1,3,0.6120786
1,1,2,1,1,0,0,0.5180718
1,1,2,1,1,0,1,0.5624188
1,1,2,1,1,0,2,0.606381
1,1,2,1,1,0,3,0.6120786
1,1,2,1,1,1,0,0.5180718
1,1,2,1,1,1,1,0.5624188
1,1,2,1,1,1,2,0.606381
1,1,2,1,1,1,3,0.6120786
1,1,2,2,0,0,0,0.5180718
1,1,2,2,0,0,1,0.5624188
1,1,2,2,0,0,2,0.606381
1,1,2,2,0,0,3,0.6120786
1,1,2,2,0,1,0,0.5180718
1,1,2,2,0,1,1,0.5624188
1,1,2,2,0,1,2,0.606381
1,1,2,2,0,1,3,0.6120786
1,1,2,2,1,0,0,0.5180718
1,1,2,2,1,0,1,0.5624188
1,1,2,2,1,0,2,0.606381
1,1,2,2,1,0,3,0.6120786
1,1,2,2,1,1,0,0.5180718
1,1,2,2,1,1,1,0.5624188
1,1,2,2,1,1,2,0.606381
1,1,2,2,1,1,3,0.6120786
1,1,3,0,0,0,0,0.5909383
1,1,3,0,0,0,1,0.4061609
1,1,3,0,0,0,2,0.6471374
1,1,3,0,0,0,3,0.6538663
1,1,3,0,0,1,0,0.5909383
1,1,3,0,0,1,1,0.4061609
1,1,3,0,0,1,2,0.6471374
1,1,3,0,0,1,3,0.6538663
1,1,3,0,1,0,0,0.5909383
1,1,3,0,1,0,1,0.4061609
1,1,3,0,1,0,2,0.6471374
1,1,3,0,1,0,3,0.6538663
1,1,3,0,1,1,0,0.5909383
1,1,3,0,1,1,1,0.4061609
1,1,3,0,1,1,2,0.6471374
1,1,3,0,1,1,3,0.6538663
1,1,3,1,0,0,0,0.5909383
1,1,3,1,0,0,1,0.4061609
1,1,3,1,0,0,2,0.6471374
1,1,3,1,0,0,3,0.6538663
1,1,3,1,0,1,0,0.5909383
1,1,3,1,0,1,1,0.4061609
1,1,3,1,0,1,2,0.6471374
1,1,3,1,0,1,3,0.6538663
1,1,3,1,1,0,0,0.5909383
1,1,3,1,1,0,1,0.4061609
1,1,3,1,1,0,2,0.6471374
1,1,3,1,1,0,3,0.6538663
1,1,3,1,1,1,0,0.5909383
1,1,3,1,1,1,1,0.4061609
1,1,3,1,1,1,2,0.6471374
1,1,3,1,1,1,3,0.6538663
1,1,3,2,0,0,0,0.5909383
1,1,3,2,0,0,1,0.4061609
1,1,3,2,0,0,2,0.6471374
1,1,3,2,0,0,3,0.6538663
1,1,3,2,0,1,0,0.5909383
1,1,3,2,0,1,1,0.4061609
1,1,3,2,0,1,2,0.6471374
1,1,3,2,0,1,3,0.6538663
1,1,3,2,1,0,0,0.5909383
1,1,3,2,1,0,1,0.4061609
1,1,3,2,1,0,2,0.6471374
1,1,3,2,1,0,3,0.6538663
1,1,3,2,1,1,0,0.5909383
1,1,3,2,1,1,1,0.4061609
1,1,3,2,1,1,2,0.6471374
1,1,3,2,1,1,3,0.6538663
1,2,0,0,0,0,0,0.6323322
1,2,0,0,0,0,1,0.7636659
1,2,0,0,0,0,2,0.488696
1,2,0,0,0,0,3,0.512399
1,2,0,0,0,1,0,0.6323322
1,2,0,0,0,1,1,0.7636659
1,2,0,0,0,1,2,0.488696
1,2,0,0,0,1,3,0.512399
1,2,0,0,1,0,0,0.6323322
1,2,0,0,1,0,1,0.7636659
1,2,0,0,1,0,2,0.488696
1,2,0,0,1,0,3,0.512399
1,2,0,0,1,1,0,0.6323322
1,2,0,0,1,1,1,0.7636659
1,2,0,0,1,1,2,0.488696
1,2,0,0,1,1,3,0.512399
1,2,0,1,0,0,0,0.6323322
1,2,0,1,0,0,1,0.7636659
1,2,0,1,0,0,2,0.488696
1,2,0,1,0,0,3,0.512399
1,2,0,1,0,1,0,0.6323322
1,2,0,1,0,1,1,0.7636659
1,2,0,1,0,1,2,0.488696
1,2,0,1,0,1,3,0.512399
1,2,0,1,1,0,0,0.6323322
1,2,0,1,1,0,1,0.7636659
1,2,0,1,1,0,2,0.488696
1,2,0,1,1,0,3,0.512399
1,2,0,1,1,1,0,0.6323322
1,2,0,1,1,1,1,0.7636659
1,2,0,1,1,1,2,0.488696
1,2,0,1,1,1,3,0.512399
1,2,0,2,0,0,0,0.6323322
1,2,0,2,0,0,1,0.7636659
1,2,0,2,0,0,2,0.488696
1,2,0,2,0,0,3,0.512399
1,2,0,2,0,1,0,0.6323322
1,2,0,2,0,1,1,0.7636659
1,2,0,2,0,1,2,0.488696
1,2,0,2,0,1,3,0.512399
1,2,0,2,1,0,0,0.6323322
1,2,0,2,1,0,1,0.7636659
1,2,0,2,1,0,2,0.488696
1,2,0,2,1,0,3,0.512399
1,2,0,2,1,1,0,0.6323322
1,2,0,2,1,1,1,0.7636659
1,2,0,2,1,1,2,0.488696
1,2,0,2,1,1,3,0.512399
1,2,1,0,0,0,0,0.5856194
1,2,1,0,0,0,1,0.6019047
1,2,1,0,0,0,2,0.6414377
1,2,1,0,0,0,3,0.6578287
1,2,1,0,0,1,0,0.5856194
1,2,1,0,0,1,1,0.6019047
1,2,1,0,0,1,2,0.6414377
1,2,1,0,0,1,3,0.6578287
1,2,1,0,1,0,0,0.5856194
1,2,1,0,1,0,1,0.6019047
1,2,1,0,1,0,2,0.6414377
1,2,1,0,1,0,3,0.6578287
1,2,1,0,1,1,0,0.5856194
1,2,1,0,1,1,1,0.6019047
1,2,1,0,1,1,2,0.6414377
1,2,1,0,1,1,3,0.6578287
1,2,1,1,0,0,0,0.5856194
1,2,1,1,0,0,1,0.6019047
1,2,1,1,0,0,2,0.6414377
1,2,1,1,0,0,3,0.6578287
1,2,1,1,0,1,0,0.5856194
1,2,1,1,0,1,1,0.6019047
1,2,1,1,0,1,2,0.6414377
1,2,1,1,0,1,3,0.6578287
1,2,1,1,1,0,0,0.5856194
1,2,1,1,1,0,1,0.6019047
1,2,1,1,1,0,2,0.6414377
1,2,1,1,1,0,3,0.6578287
1,2,1,1,1,1,0,0.5856194
1,2,1,1,1,1,1,0.6019047
1,2,1,1,1,1,2,0.6414377
1,2,1,1,1,1,3,0.6578287
1,2,1,2,0,0,0,0.5856194
1,2,1,2,0,0,1,0.6019047
1,2,1,2,0,0,2,0.6414377
1,2,1,2,0,0,3,0.6578287
1,2,1,2,0,1,0,0.5856194
1,2,1,2,0,1,1,0.6019047
1,2,1,2,0,1,2,0.6414377
1,2,1,2,0,1,3,0.6578287
1,2,1,2,1,0,0,0.5856194
1,2,1,2,1,0,1,0.6019047
1,2,1,2,1,0,2,0.6414377
1,2,1,2,1,0,3,0.6578287
1,2,1,2,1,1,0,0.5856194
1,2,1,2,1,1,1,0.6019047
1,2,1,2,1,1,2,0.6414377
1,2,1,2,1,1,3,0.6578287
1,2,2,0,0,0,0,0.4825745
1,2,2,0,0,0,1,0.7353631
1,2,2,0,0,0,2,0.7297356
1,2,2,0,0,0,3,0.6906027
1,2,2,0,0,1,0,0.4825745
1,2,2,0,0,1,1,0.7353631
1,2,2,0,0,1,2,0.7297356
1,2,2,0,0,1,3,0.6906027
1,2,2,0,1,0,0,0.4825745
1,2,2,0,1,0,1,0.7353631
1,2,2,0,1,0,2,0.7297356
1,2,2,0,1,0,3,0.6906027
1,2,2,0,1,1,0,0.4825745
1,2,2,0,1,1,1,0.7353631
1,2,2,0,1,1,2,0.7297356
1,2,2,0,1,1,3,0.6906027
1,2,2,1,0,0,0,0.4825745
1,2,2,1,0,0,1,0.7353631
1,2,2,1,0,0,2,0.7297356
1,2,2,1,0,0,3,0.6906027
1,2,2,1,0,1,0,0.4825745
1,2,2,1,0,1,1,0.7353631
1,2,2,1,0,1,2,0.7297356
1,2,2,1,0,1,3,0.6906027
1,2,2,1,1,0,0,0.4825745
1,2,2,1,1,0,1,0.7353631
1,2,2,1,1,0,2,0.7297356
1,2,2,1,1,0,3,0.6906027
1,2,2,1,1,1,0,0.4825745
1,2,2,1,1,1,1,0.7353631
1,2,2,1,1,1,2,0.7297356
1,2,2,1,1,1,3,0.6906027
1,2,2,2,0,0,0,0.4825745
1,2,2,2,0,0,1,0.7353631
1,2,2,2,0,0,2,0.7297356
1,2,2,2,0,0,3,0.6906027
1,2,2,2,0,1,0,0.4825745
1,2,2,2,0,1,1,0.7353631
1,2,2,2,0,1,2,0.7297356
1,2,2,2,0,1,3,0.6906027
1,2,2,2,1,0,0,0.4825745
1,2,2,2,1,0,1,0.7353631
1,2,2,2,1,0,2,0.7297356
1,2,2,2,1,0,3,0.6906027
1,2,2,2,1,1,0,0.4825745
1,2,2,2,1,1,1,0.7353631
1,2,2,2,1,1,2,0.7297356
1,2,2,2,1,1,3,0.6906027
1,2,3,0,0,0,0,0.6228135
1,2,3,0,0,0,1,0.7000742
1,2,3,0,0,0,2,0.7506792
1,2,3,0,0,0,3,0.7506739
1,2,3,0,0,1,0,0.6228135
1,2,3,0,0,1,1,0.7000742
1,2,3,0,0,1,2,0.7506792
1,2,3,0,0,1,3,0.7506739
1,2,3,0,1,0,0,0.6228135
1,2,3,0,1,0,1,0.7000742
1,2,3,0,1,0,2,0.7506792
1,2,3,0,1,0,3,0.7506739
1,2,3,0,1,1,0,0.6228135
1,2,3,0,1,1,1,0.7000742
1,2,3,0,1,1,2,0.7506792
1,2,3,0,1,1,3,0.7506739
1,2,3,1,0,0,0,0.6228135
1,2,3,1,0,0,1,0.7000742
1,2,3,1,0,0,2,0.7506792
1,2,3,1,0,0,3,0.7506739
1,2,3,1,0,1,0,0.6228135
1,2,3,1,0,1,1,0.7000742
1,2,3,1,0,1,2,0.7506792
1,2,3,1,0,1,3,0.7506739
1,2,3,1,1,0,0,0.6228135
1,2,3,1,1,0,1,0.7000742
1,2,3,1,1,0,2,0.7506792
1,2,3,1,1,0,3,0.7506739
1,2,3,1,1,1,0,0.6228135
1,2,3,1,1,1,1,0.7000742
1,2,3,1,1,1,2,0.7506792
1,2,3,1,1,1,3,0.7506739
1,2,3,2,0,0,0,0.6228135
1,2,3,2,0,0,1,0.7000742
1,2,3,2,0,0,2,0.7506792
1,2,3,2,0,0,3,0.7506739
1,2,3,2,0,1,0,0.6228135
1,2,3,2,0,1,1,0.7000742
1,2,3,2,0,1,2,0.7506792
1,2,3,2,0,1,3,0.7506739
1,2,3,2,1,0,0,0.6228135
1,2,3,2,1,0,1,0.7000742
1,2,3,2,1,0,2,0.7506792
1,2,3,2,1,0,3,0.7506739
1,2,3,2,1,1,0,0.6228135
1,2,3,2,1,1,1,0.7000742
1,2,3,2,1,1,2,0.7506792
1,2,3,2,1,1,3,0.7506739
2,0,0,0,0,0,0,0.6421868
2,0,0,0,0,0,1,0.6818058
2,0,0,0,0,0,2,0.6805701
2,0,0,0,0,0,3,0.6731538
2,0,0,0,0,1,0,0.6421868
2,0,0,0,0,1,1,0.6818058
2,0,0,0,0,1,2,0.6805701
2,0,0,0,0,1,3,0.6731538
2,0,0,0,1,0,0,0.6421868
2,0,0,0,1,0,1,0.6818058
2,0,0,0,1,0,2,0.6805701
2,0,0,0,1,0,3,0.6731538
2,0,0,0,1,1,0,0.6421868
2,0,0,0,1,1,1,0.6818058
2,0,0,0,1,1,2,0.6805701
2,0,0,0,1,1,3,0.6731538
2,0,0,1,0,0,0,0.6421868
2,0,0,1,0,0,1,0.6818058
2,0,0,1,0,0,2,0.6805701
2,0,0,1,0,0,3,0.6731538
2,0,0,1,0,1,0,0.6421868
2,0,0,1,0,1,1,0.6818058
2,0,0,1,0,1,2,0.6805701
2,0,0,1,0,1,3,0.6731538
2,0,0,1,1,0,0,0.6421868
2,0,0,1,1,0,1,0.6818058
2,0,0,1,1,0,2,0.6805701
2,0,0,1,1,0,3,0.6731538
2,0,0,1,1,1,0,0.6421868
2,0,0,1,1,1,1,0.6818058
2,0,0,1,1,1,2,0.6805701
2,0,0,1,1,1,3,0.6731538
2,0,0,2,0,0,0,0.6421868
2,0,0,2,0,0,1,0.6818058
2,0,0,2,0,0,2,0.6805701
2,0,0,2,0,0,3,0.6731538
2,0,0,2,0,1,0,0.6421868
2,0,0,2,0,1,1,0.6818058
2,0,0,2,0,1,2,0.6805701
2,0,0,2,0,1,3,0.6731538
2,0,0,2,1,0,0,0.6421868
2,0,0,2,1,0,1,0.6818058
2,0,0,2,1,0,2,0.6805701
2,0,0,2,1,0,3,0.6731538
2,0,0,2,1,1,0,0.6421868
2,0,0,2,1,1,1,0.6818058
2,0,0,2,1,1,2,0.6805701
2,0,0,2,1,1,3,0.6731538
2,0,1,0,0,0,0,0.4335895
2,0,1,0,0,0,1,0.5384219
2,0,1,0,0,0,2,0.5893342
2,0,1,0,0,0,3,0.609379
2,0,1,0,0,1,0,0.4335895
2,0,1,0,0,1,1,0.5384219
2,0,1,0,0,1,2,0.5893342
2,0,1,0,0,1,3,0.609379
2,0,1,0,1,0,0,0.4335895
2,0,1,0,1,0,1,0.5384219
2,0,1,0,1,0,2,0.5893342
2,0,1,0,1,0,3,0.609379
2,0,1,0,1,1,0,0.4335895
2,0,1,0,1,1,1,0.5384219
2,0,1,0,1,1,2,0.5893342
2,0,1,0,1,1,3,0.609379
2,0,1,1,0,0,0,0.4335895
2,0,1,1,0,0,1,0.5384219
2,0,1,1,0,0,2,0.5893342
2,0,1,1,0,0,3,0.609379
2,0,1,1,0,1,0,0.4335895
2,0,1,1,0,1,1,0.5384219
2,0,1,1,0,1,2,0.5893342
2,0,1,1,0,1,3,0.609379
2,0,1,1,1,0,0,0.4335895
2,0,1,1,1,0,1,0.5384219
2,0,1,1,1,0,2,0.5893342
2,0,1,1,1,0,3,0.609379
2,0,1,1,1,1,0,0.4335895
2,0,1,1,1,1,1,0.5384219
2,0,1,1,1,1,2,0.5893342
2,0,1,1,1,1,3,0.609379
2,0,1,2,0,0,0,0.4335895
2,0,1,2,0,0,1,0.5384219
2,0,1,2,0,0,2,0.5893342
2,0,1,2,0,0,3,0.609379
2,0,1,2,0,1,0,0.4335895
2,0,1,2,0,1,1,0.5384219
2,0,1,2,0,1,2,0.5893342
2,0,1,2,0,1,3,0.609379
2,0,1,2,1,0,0,0.4335895
2,0,1,2,1,0,1,0.5384219
2,0,1,2,1,0,2,0.5893342
2,0,1,2,1,0,3,0.609379
2,0,1,2,1,1,0,0.4335895
2,0,1,2,1,1,1,0.5384219
2,0,1,2,1,1,2,0.5893342
2,0,1,2,1,1,3,0.609379
2,0,2,0,0,0,0,0.7009115
2,0,2,0,0,0,1,0.5675762
2,0,2,0,0,0,2,0.6938788
2,0,2,0,0,0,3,0.6957467
2,0,2,0,0,1,0,0.7009115
2,0,2,0,0,1,1,0.5675762
2,0,2,0,0,1,2,0.6938788
2,0,2,0,0,1,3,0.6957467
2,0,2,0,1,0,0,0.7009115
2,0,2,0,1,0,1,0.5675762
2,0,2,0,1,0,2,0.6938788
2,0,2,0,1,0,3,0.6957467
2,0,2,0,1,1,0,0.7009115
2,0,2,0,1,1,1,0.5675762
2,0,2,0,1,1,2,0.6938788
2,0,2,0,1,1,3,0.6957467
2,0,2,1,0,0,0,0.7009115
2,0,2,1,0,0,1,0.5675762
2,0,2,1,0,0,2,0.6938788
2,0,2,1,0,0,3,0.6957467
2,0,2,1,0,1,0,0.7009115
2,0,2,1,0,1,1,0.5675762
2,0,2,1,0,1,2,0.6938788
2,0,2,1,0,1,3,0.6957467
2,0,2,1,1,0,0,0.7009115
2,0,2,1,1,0,1,0.5675762
2,0,2,1,1,0,2,0.6938788
2,0,2,1,1,0,3,0.6957467
2,0,2,1,1,1,0,0.7009115
2,0,2,1,1,1,1,0.5675762
2,0,2,1,1,1,2,0.6938788
2,0,2,1,1,1,3,0.6957467
2,0,2,2,0,0,0,0.7009115
2,0,2,2,0,0,1,0.5675762
2,0,2,2,0,0,2,0.6938788
2,0,2,2,0,0,3,0.6957467
2,0,2,2,0,1,0,0.7009115
2,0,2,2,0,1,1,0.5675762
2,0,2,2,0,1,2,0.6938788
2,0,2,2,0,1,3,0.6957467
2,0,2,2,1,0,0,0.7009115
2,0,2,2,1,0,1,0.5675762
2,0,2,2,1,0,2,0.6938788
2,0,2,2,1,0,3,0.6957467
2,0,2,2,1,1,0,0.7009115
2,0,2,2,1,1,1,0.5675762
2,0,2,2,1,1,2,0.6938788
2,0,2,2,1,1,3,0.6957467
2,0,3,0,0,0,0,0.6026161
2,0,3,0,0,0,1,0.5221331
2,0,3,0,0,0,2,0.6243724
2,0,3,0,0,0,3,0.6130835
2,0,3,0,0,1,0,0.6026161
2,0,3,0,0,1,1,0.5221331
2,0,3,0,0,1,2,0.6243724
2,0,3,0,0,1,3,0.6130835
2,0,3,0,1,0,0,0.6026161
2,0,3,0,1,0,1,0.5221331
2,0,3,0,1,0,2,0.6243724
2,0,3,0,1,0,3,0.6130835
2,0,3,0,1,1,0,0.6026161
2,0,3,0,1,1,1,0.5221331
2,0,3,0,1,1,2,0.6243724
2,0,3,0,1,1,3,0.6130835
2,0,3,1,0,0,0,0.6026161
2,0,3,1,0,0,1,0.5221331
2,0,3,1,0,0,2,0.6243724
2,0,3,1,0,0,3,0.6130835
2,0,3,1,0,1,0,0.6026161
2,0,3,1,0,1,1,0.5221331
2,0,3,1,0,1,2,0.6243724
2,0,3,1,0,1,3,0.6130835
2,0,3,1,1,0,0,0.6026161
2,0,3,1,1,0,1,0.5221331
2,0,3,1,1,0,2,0.6243724
2,0,3,1,1,0,3,0.6130835
2,0,3,1,1,1,0,0.6026161
2,0,3,1,1,1,1,0.5221331
2,0,3,1,1,1,2,0.6243724
2,0,3,1,1,1,3,0.6130835
2,0,3,2,0,0,0,0.6026161
2,0,3,2,0,0,1,0.5221331
2,0,3,2,0,0,2,0.6243724
2,0,3,2,0,0,3,0.6130835
2,0,3,2,0,1,0,0.6026161
2,0,3,2,0,1,1,0.5221331
2,0,3,2,0,1,2,0.6243724
2,0,3,2,0,1,3,0.6130835
2,0,3,2,1,0,0,0.6026161
2,0,3,2,1,0,1,0.5221331
2,0,3,2,1,0,2,0.6243724
2,0,3,2,1,0,3,0.6130835
2,0,3,2,1,1,0,0.6026161
2,0,3,2,1,1,1,0.5221331
2,0,3,2,1,1,2,0.6243724
2,0,3,2,1,1,3,0.6130835
2,1,0,0,0,0,0,0.7110632
2,1,0,0,0,0,1,0.4753604
2,1,0,0,0,0,2,0.6145231
2,1,0,0,0,0,3,0.6282584
2,1,0,0,0,1,0,0.7110632
2,1,0,0,0,1,1,0.4753604
2,1,0,0,0,1,2,0.6145231
2,1,0,0,0,1,3,0.6282584
2,1,0,0,1,0,0,0.7110632
2,1,0,0,1,0,1,0.4753604
2,1,0,0,1,0,2,0.6145231
2,1,0,0,1,0,3,0.6282584
2,1,0,0,1,1,0,0.7110632
2,1,0,0,1,1,1,0.4753604
2,1,0,0,1,1,2,0.6145231
2,1,0,0,1,1,3,0.6282584
2,1,0,1,0,0,0,0.7110632
2,1,0,1,0,0,1,0.4753604
2,1,0,1,0,0,2,0.6145231
2,1,0,1,0,0,3,0.6282584
2,1,0,1,0,1,0,0.7110632
2,1,0,1,0,1,1,0.4753604
2,1,0,1,0,1,2,0.6145231
2,1,0,1,0,1,3,0.6282584
2,1,0,1,1,0,0,0.7110632
2,1,0,1,1,0,1,0.4753604
2,1,0,1,1,0,2,0.6145231
2,1,0,1,1,0,3,0.6282584
2,1,0,1,1,1,0,0.7110632
2,1,0,1,1,1,1,0.4753604
2,1,0,1,1,1,2,0.6145231
2,1,0,1,1,1,3,0.6282584
2,1,0,2,0,0,0,0.7110632
2,1,0,2,0,0,1,0.4753604
2,1,0,2,0,0,2,0.6145231
2,1,0,2,0,0,3,0.6282584
2,1,0,2,0,1,0,0.7110632
2,1,0,2,0,1,1,0.4753604
2,1,0,2,0,1,2,0.6145231
2,1,0,2,0,1,3,0.6282584
2,1,0,2,1,0,0,0.7110632
2,1,0,2,1,0,1,0.4753604
2,1,0,2,1,0,2,0.6145231
2,1,0,2,1,0,3,0.6282584
2,1,0,2,1,1,0,0.7110632
2,1,0,2,1,1,1,0.4753604
2,1,0,2,1,1,2,0.6145231
2,1,0,2,1,1,3,0.6282584
2,1,1,0,0,0,0,0.4098909
2,1,1,0,0,0,1,0.5509485
2,1,1,0,0,0,2,0.6029497
2,1,1,0,0,0,3,0.5794209
2,1,1,0,0,1,0,0.4098909
2,1,1,0,0,1,1,0.5509485
2,1,1,0,0,1,2,0.6029497
2,1,1,0,0,1,3,0.5794209
2,1,1,0,1,0,0,0.4098909
2,1,1,0,1,0,1,0.5509485
2,1,1,0,1,0,2,0.6029497
2,1,1,0,1,0,3,0.5794209
2,1,1,0,1,1,0,0.4098909
2,1,1,0,1,1,1,0.5509485
2,1,1,0,1,1,2,0.6029497
2,1,1,0,1,1,3,0.5794209
2,1,1,1,0,0,0,0.4098909
2,1,1,1,0,0,1,0.5509485
2,1,1,1,0,0,2,0.6029497
2,1,1,1,0,0,3,0.5794209
2,1,1,1,0,1,0,0.4098909
2,1,1,1,0,1,1,0.5509485
2,1,1,1,0,1,2,0.6029497
2,1,1,1,0,1,3,0.5794209
2,1,1,1,1,0,0,0.4098909
2,1,1,1,1,0,1,0.5509485
2,1,1,1,1,0,2,0.6029497
2,1,1,1,1,0,3,0.5794209
2,1,1,1,1,1,0,0.4098909
2,1,1,1,1,1,1,0.5509485
2,1,1,1,1,1,2,0.6029497
2,1,1,1,1,1,3,0.5794209
2,1,1,2,0,0,0,0.4098909
2,1,1,2,0,0,1,0.5509485
2,1,1,2,0,0,2,0.6029497
2,1,1,2,0,0,3,0.5794209
2,1,1,2,0,1,0,0.4098909
2,1,1,2,0,1,1,0.5509485
2,1,1,2,0,1,2,0.6029497
2,1,1,2,0,1,3,0.5794209
2,1,1,2,1,0,0,0.4098909
2,1,1,2,1,0,1,0.5509485
2,1,1,2,1,0,2,0.6029497
2,1,1,2,1,0,3,0.5794209
2,1,1,2,1,1,0,0.4098909
2,1,1,2,1,1,1,0.5509485
2,1,1,2,1,1,2,0.6029497
2,1,1,2,1,1,3,0.5794209
2,1,2,0,0,0,0,0.6998634
2,1,2,0,0,0,1,0.7437677
2,1,2,0,0,0,2,0.7336713
2,1,2,0,0,0,3,0.7239515
2,1,2,0,0,1,0,0.6998634
2,1,2,0,0,1,1,0.7437677
2,1,2,0,0,1,2,0.7336713
2,1,2,0,0,1,3,0.7239515
2,1,2,0,1,0,0,0.6998634
2,1,2,0,1,0,1,0.7437677
2,1,2,0,1,0,2,0.7336713
2,1,2,0,1,0,3,0.7239515
2,1,2,0,1,1,0,0.6998634
2,1,2,0,1,1,1,0.7437677
2,1,2,0,1,1,2,0.7336713
2,1,2,0,1,1,3,0.7239515
2,1,2,1,0,0,0,0.6998634
2,1,2,1,0,0,1,0.7437677
2,1,2,1,0,0,2,0.7336713
2,1,2,1,0,0,3,0.7239515
2,1,2,1,0,1,0,0.6998634
2,1,2,1,0,1,1,0.7437677
2,1,2,1,0,1,2,0.7336713
2,1,2,1,0,1,3,0.7239515
2,1,2,1,1,0,0,0.6998634
2,1,2,1,1,0,1,0.7437677
2,1,2,1,1,0,2,0.7336713
2,1,2,1,1,0,3,0.7239515
2,1,2,1,1,1,0,0.6998634
2,1,2,1,1,1,1,0.7437677
2,1,2,1,1,1,2,0.7336713
2,1,2,1,1,1,3,0.7239515
2,1,2,2,0,0,0,0.6998634
2,1,2,2,0,0,1,0.7437677
2,1,2,2,0,0,2,0.7336713
2,1,2,2,0,0,3,0.7239515
2,1,2,2,0,1,0,0.6998634
2,1,2,2,0,1,1,0.7437677
2,1,2,2,0,1,2,0.7336713
2,1,2,2,0,1,3,0.7239515
2,1,2,2,1,0,0,0.6998634
2,1,2,2,1,0,1,0.7437677
2,1,2,2,1,0,2,0.7336713
2,1,2,2,1,0,3,0.7239515
2,1,2,2,1,1,0,0.6998634
2,1,2,2,1,1,1,0.7437677
2,1,2,2,1,1,2,0.7336713
2,1,2,2,1,1,3,0.7239515
2,1,3,0,0,0,0,0.6740435
2,1,3,0,0,0,1,0.7318169
2,1,3,0,0,0,2,0.6493874
2,1,3,0,0,0,3,0.6453058
2,1,3,0,0,1,0,0.6740435
2,1,3,0,0,1,1,0.7318169
2,1,3,0,0,1,2,0.6493874
2,1,3,0,0,1,3,0.6453058
2,1,3,0,1,0,0,0.6740435
2,1,3,0,1,0,1,0.7318169
2,1,3,0,1,0,2,0.6493874
2,1,3,0,1,0,3,0.6453058
2,1,3,0,1,1,0,0.6740435
2,1,3,0,1,1,1,0.7318169
2,1,3,0,1,1,2,0.6493874
2,1,3,0,1,1,3,0.6453058
2,1,3,1,0,0,0,0.6740435
2,1,3,1,0,0,1,0.7318169
2,1,3,1,0,0,2,0.6493874
2,1,3,1,0,0,3,0.6453058
2,1,3,1,0,1,0,0.6740435
2,1,3,1,0,1,1,0.7318169
2,1,3,1,0,1,2,0.6493874
2,1,3,1,0,1,3,0.6453058
2,1,3,1,1,0,0,0.6740435
2,1,3,1,1,0,1,0.7318169
2,1,3,1,1,0,2,0.6493874
2,1,3,1,1,0,3,0.6453058
2,1,3,1,1,1,0,0.6740435
2,1,3,1,1,1,1,0.7318169
2,1,3,1,1,1,2,0.6493874
2,1,3,1,1,1,3,0.6453058
2,1,3,2,0,0,0,0.6740435
2,1,3,2,0,0,1,0.7318169
2,1,3,2,0,0,2,0.6493874
2,1,3,2,0,0,3,0.6453058
2,1,3,2,0,1,0,0.6740435
2,1,3,2,0,1,1,0.7318169
2,1,3,2,0,1,2,0.6493874
2,1,3,2,0,1,3,0.6453058
2,1,3,2,1,0,0,0.6740435
2,1,3,2,1,0,1,0.7318169
2,1,3,2,1,0,2,0.6493874
2,1,3,2,1,0,3,0.6453058
2,1,3,2,1,1,0,0.6740435
2,1,3,2,1,1,1,0.7318169
2,1,3,2,1,1,2,0.6493874
2,1,3,2,1,1,3,0.6453058
2,2,0,0,0,0,0,0.5622438
2,2,0,0,0,0,1,0.7713009
2,2,0,0,0,0,2,0.4791363
2,2,0,0,0,0,3,0.5011006
2,2,0,0,0,1,0,0.5622438
2,2,0,0,0,1,1,0.7713009
2,2,0,0,0,1,2,0.4791363
2,2,0,0,0,1,3,0.5011006
2,2,0,0,1,0,0,0.5622438
2,2,0,0,1,0,1,0.7713009
2,2,0,0,1,0,2,0.4791363
2,2,0,0,1,0,3,0.5011006
2,2,0,0,1,1,0,0.5622438
2,2,0,0,1,1,1,0.7713009
2,2,0,0,1,1,2,0.4791363
2,2,0,0,1,1,3,0.5011006
2,2,0,1,0,0,0,0.5622438
2,2,0,1,0,0,1,0.7713009
2,2,0,1,0,0,2,0.4791363
2,2,0,1,0,0,3,0.5011006
2,2,0,1,0,1,0,0.5622438
2,2,0,1,0,1,1,0.7713009
2,2,0,1,0,1,2,0.4791363
2,2,0,1,0,1,3,0.5011006
2,2,0,1,1,0,0,0.5622438
2,2,0,1,1,0,1,0.7713009
2,2,0,1,1,0,2,0.4791363
2,2,0,1,1,0,3,0.5011006
2,2,0,1,1,1,0,0.5622438
2,2,0,1,1,1,1,0.7713009
2,2,0,1,1,1,2,0.4791363
2,2,0,1,1,1,3,0.5011006
2,2,0,2,0,0,0,0.5622438
2,2,0,2,0,0,1,0.7713009
2,2,0,2,0,0,2,0.4791363
2,2,0,2,0,0,3,0.5011006
2,2,0,2,0,1,0,0.5622438
2,2,0,2,0,1,1,0.7713009
2,2,0,2,0,1,2,0.4791363
2,2,0,2,0,1,3,0.5011006
2,2,0,2,1,0,0,0.5622438
2,2,0,2,1,0,1,0.7713009
2,2,0,2,1,0,2,0.4791363
2,2,0,2,1,0,3,0.5011006
2,2,0,2,1,1,0,0.5622438
2,2,0,2,1,1,1,0.7713009
2,2,0,2,1,1,2,0.4791363
2,2,0,2,1,1,3,0.5011006
2,2,1,0,0,0,0,0.7193238
2,2,1,0,0,0,1,0.774202
2,2,1,0,0,0,2,0.8020924
2,2,1,0,0,0,3,0.8085185
2,2,1,0,0,1,0,0.7193238
2,2,1,0,0,1,1,0.774202
2,2,1,0,0,1,2,0.8020924
2,2,1,0,0,1,3,0.8085185
2,2,1,0,1,0,0,0.7193238
2,2,1,0,1,0,1,0.774202
2,2,1,0,1,0,2,0.8020924
2,2,1,0,1,0,3,0.8085185
2,2,1,0,1,1,0,0.7193238
2,2,1,0,1,1,1,0.774202
2,2,1,0,1,1,2,0.8020924
2,2,1,0,1,1,3,0.8085185
2,2,1,1,0,0,0,0.7193238
2,2,1,1,0,0,1,0.774202
2,2,1,1,0,0,2,0.8020924
2,2,1,1,0,0,3,0.8085185
2,2,1,1,0,1,0,0.7193238
2,2,1,1,0,1,1,0.774202
2,2,1,1,0,1,2,0.8020924
2,2,1,1,0,1,3,0.8085185
2,2,1,1,1,0,0,0.7193238
2,2,1,1,1,0,1,0.774202
2,2,1,1,1,0,2,0.8020924
2,2,1,1,1,0,3,0.8085185
2,2,1,1,1,1,0,0.7193238
2,2,1,1,1,1,1,0.774202
2,2,1,1,1,1,2,0.8020924
2,2,1,1,1,1,3,0.8085185
2,2,1,2,0,0,0,0.7193238
2,2,1,2,0,0,1,0.774202
2,2,1,2,0,0,2,0.8020924
2,2,1,2,0,0,3,0.8085185
2,2,1,2,0,1,0,0.7193238
2,2,1,2,0,1,1,0.774202
2,2,1,2,0,1,2,0.8020924
2,2,1,2,0,1,3,0.8085185
2,2,1,2,1,0,0,0.7193238
2,2,1,2,1,0,1,0.774202
2,2,1,2,1,0,2,0.8020924
2,2,1,2,1,0,3,0.8085185
2,2,1,2,1,1,0,0.7193238
2,2,1,2,1,1,1,0.774202
2,2,1,2,1,1,2,0.8020924
2,2,1,2,1,1,3,0.8085185
2,2,2,0,0,0,0,0.7099766
2,2,2,0,0,0,1,0.6817142
2,2,2,0,0,0,2,0.7013001
2,2,2,0,0,0,3,0.7000084
2,2,2,0,0,1,0,0.7099766
2,2,2,0,0,1,1,0.6817142
2,2,2,0,0,1,2,0.7013001
2,2,2,0,0,1,3,0.7000084
2,2,2,0,1,0,0,0.7099766
2,2,2,0,1,0,1,0.6817142
2,2,2,0,1,0,2,0.7013001
2,2,2,0,1,0,3,0.7000084
2,2,2,0,1,1,0,0.7099766
2,2,2,0,1,1,1,0.6817142
2,2,2,0,1,1,2,0.7013001
2,2,2,0,1,1,3,0.7000084
2,2,2,1,0,0,0,0.7099766
2,2,2,1,0,0,1,0.6817142
2,2,2,1,0,0,2,0.7013001
2,2,2,1,0,0,3,0.7000084
2,2,2,1,0,1,0,0.7099766
2,2,2,1,0,1,1,0.6817142
2,2,2,1,0,1,2,0.7013001
2,2,2,1,0,1,3,0.7000084
2,2,2,1,1,0,0,0.7099766
2,2,2,1,1,0,1,0.6817142
2,2,2,1,1,0,2,0.7013001
2,2,2,1,1,0,3,0.7000084
2,2,2,1,1,1,0,0.7099766
2,2,2,1,1,1,1,0.6817142
2,2,2,1,1,1,2,0.7013001
2,2,2,1,1,1,3,0.7000084
2,2,2,2,0,0,0,0.7099766
2,2,2,2,0,0,1,0.6817142
2,2,2,2,0,0,2,0.7013001
2,2,2,2,0,0,3,0.7000084
2,2,2,2,0,1,0,0.7099766
2,2,2,2,0,1,1,0.6817142
2,2,2,2,0,1,2,0.7013001
2,2,2,2,0,1,3,0.7000084
2,2,2,2,1,0,0,0.7099766
2,2,2,2,1,0,1,0.6817142
2,2,2,2,1,0,2,0.7013001
2,2,2,2,1,0,3,0.7000084
2,2,2,2,1,1,0,0.7099766
2,2,2,2,1,1,1,0.6817142
2,2,2,2,1,1,2,0.7013001
2,2,2,2,1,1,3,0.7000084
2,2,3,0,0,0,0,0.6314834
2,2,3,0,0,0,1,0.6550333
2,2,3,0,0,0,2,0.7151333
2,2,3,0,0,0,3,0.6881043
2,2,3,0,0,1,0,0.6314834
2,2,3,0,0,1,1,0.6550333
2,2,3,0,0,1,2,0.7151333
2,2,3,0,0,1,3,0.6881043
2,2,3,0,1,0,0,0.6314834
2,2,3,0,1,0,1,0.6550333
2,2,3,0,1,0,2,0.7151333
2,2,3,0,1,0,3,0.6881043
2,2,3,0,1,1,0,0.6314834
2,2,3,0,1,1,1,0.6550333
2,2,3,0,1,1,2,0.7151333
2,2,3,0,1,1,3,0.6881043
2,2,3,1,0,0,0,0.6314834
2,2,3,1,0,0,1,0.6550333
2,2,3,1,0,0,2,0.7151333
2,2,3,1,0,0,3,0.6881043
2,2,3,1,0,1,0,0.6314834
2,2,3,1,0,1,1,0.6550333
2,2,3,1,0,1,2,0.7151333
2,2,3,1,0,1,3,0.6881043
2,2,3,1,1,0,0,0.6314834
2,2,3,1,1,0,1,0.6550333
2,2,3,1,1,0,2,0.7151333
2,2,3,1,1,0,3,0.6881043
2,2,3,1,1,1,0,0.6314834
2,2,3,1,1,1,1,0.6550333
2,2,3,1,1,1,2,0.7151333
2,2,3,1,1,1,3,0.6881043
2,2,3,2,0,0,0,0.6314834
2,2,3,2,0,0,1,0.6550333
2,2,3,2,0,0,2,0.7151333
2,2,3,2,0,0,3,0.6881043
2,2,3,2,0,1,0,0.6314834
2,2,3,2,0,1,1,0.6550333
2,2,3,2,0,1,2,0.7151333
2,2,3,2,0,1,3,0.6881043
2,2,3,2,1,0,0,0.6314834
2,2,3,2,1,0,1,0.6550333
2,2,3,2,1,0,2,0.7151333
2,2,3,2,1,0,3,0.6881043
2,2,3,2,1,1,0,0.6314834
2,2,3,2,1,1,1,0.6550333
2,2,3,2,1,1,2,0.7151333
2,2,3,2,1,1,3,0.6881043
